df:
    area   price
0  2600  550000
1  3000  565000
2  3200  610000
3  3600  680000
4  4000  725000

new_df:
    area
0  2600
1  3000
2  3200
3  3600
4  4000

price:
0    550000
1    565000
2    610000
3    680000
4    725000

Name: price, dtype: int64

reg.coef_: [135.78767123]
reg.intercept_: 180616.43835616432
area:  628715.7534151643
reg.predict([[5000]]):  [859554.79452055]

area_df.head(3):
    area
0  1000
1  1500
2  2300

p:  [ 316404.10958904  384297.94520548  492928.08219178  661304.79452055
  740061.64383562  799808.21917808  926090.75342466  650441.78082192
  825607.87671233  492928.08219178 1402705.47945205 1348390.4109589
 1144708.90410959]

area_df:
     area        prices
0   1000  3.164041e+05
1   1500  3.842979e+05
2   2300  4.929281e+05
3   3540  6.613048e+05
4   4120  7.400616e+05
5   4560  7.998082e+05
6   5490  9.260908e+05
7   3460  6.504418e+05
8   4750  8.256079e+05
9   2300  4.929281e+05
10  9000  1.402705e+06
11  8600  1.348390e+06
12  7100  1.144709e+06

Process finished with exit code 0
