x_train[0]:
[[  0   0   0   0   0   0   0   0   0   0   0   0   0   0   0   0   0   0    0   0   0   0   0   0   0   0   0   0]
 [  0   0   0   0   0   0   0   0   0   0   0   0   0   0   0   0   0   0    0   0   0   0   0   0   0   0   0   0]
 [  0   0   0   0   0   0   0   0   0   0   0   0   0   0   0   0   0   0    0   0   0   0   0   0   0   0   0   0]
 [  0   0   0   0   0   0   0   0   0   0   0   0   0   0   0   0   0   0    0   0   0   0   0   0   0   0   0   0]
 [  0   0   0   0   0   0   0   0   0   0   0   0   0   0   0   0   0   0    0   0   0   0   0   0   0   0   0   0]
 [  0   0   0   0   0   0   0   0   0   0   0   0   3  18  18  18 126 136  175  26 166 255 247 127   0   0   0   0]
 [  0   0   0   0   0   0   0   0  30  36  94 154 170 253 253 253 253 253  225 172 253 242 195  64   0   0   0   0]
 [  0   0   0   0   0   0   0  49 238 253 253 253 253 253 253 253 253 251   93  82  82  56  39   0   0   0   0   0]
 [  0   0   0   0   0   0   0  18 219 253 253 253 253 253 198 182 247 241    0   0   0   0   0   0   0   0   0   0]
 [  0   0   0   0   0   0   0   0  80 156 107 253 253 205  11   0  43 154    0   0   0   0   0   0   0   0   0   0]
 [  0   0   0   0   0   0   0   0   0  14   1 154 253  90   0   0   0   0    0   0   0   0   0   0   0   0   0   0]
 [  0   0   0   0   0   0   0   0   0   0   0 139 253 190   2   0   0   0    0   0   0   0   0   0   0   0   0   0]
 [  0   0   0   0   0   0   0   0   0   0   0  11 190 253  70   0   0   0    0   0   0   0   0   0   0   0   0   0]
 [  0   0   0   0   0   0   0   0   0   0   0   0  35 241 225 160 108   1    0   0   0   0   0   0   0   0   0   0]
 [  0   0   0   0   0   0   0   0   0   0   0   0   0  81 240 253 253 119   25   0   0   0   0   0   0   0   0   0]
 [  0   0   0   0   0   0   0   0   0   0   0   0   0   0  45 186 253 253  150  27   0   0   0   0   0   0   0   0]
 [  0   0   0   0   0   0   0   0   0   0   0   0   0   0   0  16  93 252  253 187   0   0   0   0   0   0   0   0]
 [  0   0   0   0   0   0   0   0   0   0   0   0   0   0   0   0   0 249  253 249  64   0   0   0   0   0   0   0]
 [  0   0   0   0   0   0   0   0   0   0   0   0   0   0  46 130 183 253  253 207   2   0   0   0   0   0   0   0]
 [  0   0   0   0   0   0   0   0   0   0   0   0  39 148 229 253 253 253  250 182   0   0   0   0   0   0   0   0]
 [  0   0   0   0   0   0   0   0   0   0  24 114 221 253 253 253 253 201   78   0   0   0   0   0   0   0   0   0]
 [  0   0   0   0   0   0   0   0  23  66 213 253 253 253 253 198  81   2    0   0   0   0   0   0   0   0   0   0]
 [  0   0   0   0   0   0  18 171 219 253 253 253 253 195  80   9   0   0    0   0   0   0   0   0   0   0   0   0]
 [  0   0   0   0  55 172 226 253 253 253 253 244 133  11   0   0   0   0    0   0   0   0   0   0   0   0   0   0]
 [  0   0   0   0 136 253 253 253 212 135 132  16   0   0   0   0   0   0    0   0   0   0   0   0   0   0   0   0]
 [  0   0   0   0   0   0   0   0   0   0   0   0   0   0   0   0   0   0    0   0   0   0   0   0   0   0   0   0]
 [  0   0   0   0   0   0   0   0   0   0   0   0   0   0   0   0   0   0    0   0   0   0   0   0   0   0   0   0]
 [  0   0   0   0   0   0   0   0   0   0   0   0   0   0   0   0   0   0    0   0   0   0   0   0   0   0   0   0]
]

x_train[0] after normalization:
[[0. 0.  0.  0.  0.   0.   0.   0.   0.   0.   0.   0.   0.   0.   0.   0.   0.   0.   0.   0.   0.   0.   0.   0.   0.   0.   0.   0. ]
[0.  0.  0.  0.  0.   0.   0.   0.   0.   0.   0.   0.   0.   0.   0.   0.   0.   0.   0.   0.   0.   0.   0.   0.   0.   0.   0.   0. ]
[0.  0.  0.  0.  0.   0.   0.   0.   0.   0.   0.   0.   0.   0.   0.   0.   0.   0.   0.   0.   0.   0.   0.   0.   0.   0.   0.   0. ]
[0.  0.  0.  0.  0.   0.   0.   0.   0.   0.   0.   0.   0.   0.   0.   0.   0.   0.   0.   0.   0.   0.   0.   0.   0.   0.   0.   0. ]
[0.  0.  0.  0.  0.   0.   0.   0.   0.   0.   0.   0.   0.   0.   0.   0.   0.   0.   0.   0.   0.   0.   0.   0.   0.   0.   0.   0. ]
[0.  0.  0.  0.  0.   0.   0.   0.   0.   0.   0.   0.   0.00 0.02 0.02 0.02 0.17 0.17 0.28 0.05 0.51 0.71 0.77 0.89 0.   0.   0.   0. ]
[0.  0.  0.  0.  0.   0.   0.   0.   0.05 0.06 0.16 0.22 0.22 0.32 0.36 0.36 0.34 0.32 0.36 0.37 0.79 0.67 0.61 0.45 0.   0.   0.   0. ]
[0.  0.  0.  0.  0.   0.   0.   0.12 0.45 0.45 0.43 0.37 0.33 0.32 0.36 0.36 0.34 0.32 0.15 0.17 0.25 0.15 0.12 0.   0.   0.   0.   0. ]
[0.  0.  0.  0.  0.   0.   0.   0.04 0.42 0.45 0.43 0.37 0.33 0.32 0.28 0.26 0.34 0.31 0.   0.   0.   0.   0.   0.   0.   0.   0.   0. ]
[0.  0.  0.  0.  0.   0.   0.   0.   0.15 0.28 0.18 0.37 0.33 0.26 0.01 0.   0.05 0.19 0.   0.   0.   0.   0.   0.   0.   0.   0.   0. ]
[0.  0.  0.  0.  0.   0.   0.   0.   0.   0.02 0.00 0.22 0.33 0.11 0.   0.   0.   0.   0.   0.   0.   0.   0.   0.   0.   0.   0.   0. ]
[0.  0.  0.  0.  0.   0.   0.   0.   0.   0.   0.   0.20 0.33 0.24 0.00 0.   0.   0.   0.   0.   0.   0.   0.   0.   0.   0.   0.   0. ]
[0.  0.  0.  0.  0.   0.   0.   0.   0.   0.   0.   0.01 0.24 0.32 0.10 0.   0.   0.   0.   0.   0.   0.   0.   0.   0.   0.   0.   0. ]
[0.  0.  0.  0.  0.   0.   0.   0.   0.   0.   0.   0.   0.04 0.31 0.32 0.23 0.14 0.00 0.   0.   0.   0.   0.   0.   0.   0.   0.   0. ]
[0.  0.  0.  0.  0.   0.   0.   0.   0.   0.   0.   0.   0.   0.10 0.34 0.36 0.34 0.15 0.04 0.   0.   0.   0.   0.   0.   0.   0.   0. ]
[0.  0.  0.  0.  0.   0.   0.   0.   0.   0.   0.   0.   0.   0.   0.06 0.27 0.34 0.32 0.24 0.05 0.   0.   0.   0.   0.   0.   0.   0. ]
[0.  0.  0.  0.  0.   0.   0.   0.   0.   0.   0.   0.   0.   0.   0.   0.02 0.12 0.32 0.41 0.40 0.   0.   0.   0.   0.   0.   0.   0. ]
[0.  0.  0.  0.  0.   0.   0.   0.   0.   0.   0.   0.   0.   0.   0.   0.   0.   0.32 0.41 0.54 0.20 0.   0.   0.   0.   0.   0.   0. ]
[0.  0.  0.  0.  0.   0.   0.   0.   0.   0.   0.   0.   0.   0.   0.06 0.18 0.25 0.32 0.41 0.45 0.00 0.   0.   0.   0.   0.   0.   0. ]
[0.  0.  0.  0.  0.   0.   0.   0.   0.   0.   0.   0.   0.05 0.19 0.33 0.36 0.34 0.32 0.40 0.39 0.   0.   0.   0.   0.   0.   0.   0. ]
[0.  0.  0.  0.  0.   0.   0.   0.   0.   0.   0.04 0.16 0.28 0.32 0.36 0.36 0.34 0.25 0.12 0.   0.   0.   0.   0.   0.   0.   0.   0. ]
[0.  0.  0.  0.  0.   0.   0.   0.   0.04 0.11 0.36 0.37 0.33 0.32 0.36 0.28 0.11 0.00 0.   0.   0.   0.   0.   0.   0.   0.   0.   0. ]
[0.  0.  0.  0.  0.   0.   0.05 0.42 0.42 0.45 0.43 0.37 0.33 0.25 0.11 0.01 0.   0.   0.   0.   0.   0.   0.   0.   0.   0.   0.   0. ]
[0.  0.  0.  0.  0.37 0.56 0.66 0.63 0.48 0.45 0.43 0.35 0.17 0.01 0.   0.   0.   0.   0.   0.   0.   0.   0.   0.   0.   0.   0.   0. ]
[0.  0.  0.  0.  0.92 0.82 0.74 0.63 0.40 0.24 0.22 0.02 0.   0.   0.   0.   0.   0.   0.   0.   0.   0.   0.   0.   0.   0.   0.   0. ]
[0.  0.  0.  0.  0.   0.   0.   0.   0.   0.   0.   0.   0.   0.   0.   0.   0.   0.   0.   0.   0.   0.   0.   0.   0.   0.   0.   0. ]
[0.  0.  0.  0.  0.   0.   0.   0.   0.   0.   0.   0.   0.   0.   0.   0.   0.   0.   0.   0.   0.   0.   0.   0.   0.   0.   0.   0. ]
[0.  0.  0.  0.  0.   0.   0.   0.   0.   0.   0.   0.   0.   0.   0.   0.   0.   0.   0.   0.   0.   0.   0.   0.   0.   0.   0.   0.]]

Predicted to be a (check the image if I guessed correctly):  2